ticker,2023-02-10
VCB,0.13333333333333333
DHG,0.1238095238095238
VNM,0.11428571428571428
PNJ,0.10476190476190475
SBT,0.09523809523809523
VHM,0.08571428571428572
VJC,0.07619047619047618
VRE,0.0619047619047619
FPT,0.0619047619047619
HDB,0.047619047619047616
HPG,0.03809523809523809
MBB,0.02857142857142857
VIC,0.019047619047619046
CTG,0.009523809523809523
CII,0.0
SSI,-0.009523809523809523
TCB,-0.019047619047619046
NVL,-0.02857142857142857
VPB,-0.03809523809523809
CTD,-0.047619047619047616
MSN,-0.05714285714285714
DPM,-0.06666666666666667
STB,-0.07619047619047618
REE,-0.08571428571428572
GMD,-0.09523809523809523
EIB,-0.10476190476190475
MWG,-0.11428571428571428
GAS,-0.1238095238095238
SAB,-0.13333333333333333
ROS,

,Return,Sharpe,Turnover,Fitness,Margin
0,0.4544962879411886,2.790966155951145,2.526827981347566,1.1836734369921669,179.86831367080407

TradingDate,Return,Sharpe,Turnover,Fitness,Margin
2013,-0.26957156923824405,-1.7701581363782477,2.649467539127539,-0.5646376162199254,-101.74556406417157
2014,0.22202249554045764,1.4190056956423773,2.6382941734806975,0.41164326990948696,84.1538058083734
2015,0.22999038243990658,1.4960786525251204,2.5579355978549527,0.448605362612796,89.91249921724891
2016,0.5221355658569787,3.058272023151241,2.522326374612684,1.391448412496106,207.00555293410642
2017,0.8330301526269402,5.192489438608905,2.4061627577550655,3.0552269928337483,346.20690140019957
2018,0.6059454711852817,3.371353367383116,2.45772122895312,1.6739972373207739,246.54768166826946
2019,0.14950388294009423,1.4711195315161587,2.5363566469489687,0.3571651175451753,58.94434566997322
2020,0.6959040762521245,4.840268572830135,2.5261276501221954,2.5404842337295364,275.4825458715286
2021,0.6855451419294006,3.719213062989073,2.5307862996480646,1.9357147081268107,270.88227165791665
2022,0.828933672706893,4.175467232054671,2.5334545837788216,2.388407405362348,327.1950000660685
2023,0.8319317519010344,6.863730727518675,2.436474942541119,4.010727101590002,341.4489258130322
